5.6 10344.1
5.60133 10355.1
5.60266 10366
5.60398 10377
5.60531 10388.1
5.60664 10399.2
5.60797 10410.3
5.60929 10421.4
5.61062 10432.6
5.61195 10443.9
5.61328 10455.1
5.61461 10466.4
5.61593 10477.8
5.61726 10489.1
5.61859 10500.5
5.61992 10512
5.62124 10523.5
5.62257 10535
5.6239 10546.5
5.62523 10558.1
5.62656 10569.7
5.62788 10581.4
5.62921 10593.1
5.63054 10604.8
5.63187 10616.6
5.63319 10628.4
5.63452 10640.2
5.63585 10652.1
5.63718 10663.7
5.63851 10675.6
5.63983 10687.6
5.64116 10699.5
5.64249 10711.5
5.64382 10723.6
5.64514 10735.6
5.64647 10747.7
5.6478 10759.9
5.64913 10772
5.65045 10784.2
5.65178 10796.4
5.65311 10808.7
5.65444 10821
5.65577 10833.3
5.65709 10845.6
5.65842 10858
5.65975 10870.4
5.66108 10882.8
5.6624 10895.3
5.66373 10907.7
5.66506 10920.2
5.66639 10932.8
5.66772 10945.4
5.66904 10957.9
5.67037 10970.6
5.6717 10983.2
5.67303 10995.9
5.67435 11008.6
5.67568 11021.3
5.67701 11034.1
5.67834 11046.8
5.67967 11059.6
5.68099 11072.5
5.68232 11085.3
5.68365 11098.1
5.68498 11111
5.6863 11123.9
5.68763 11136.9
5.68896 11149.8
5.69029 11162.8
5.69162 11175.8
5.69294 11188.9
5.69427 11201.9
5.6956 11215
5.69693 11228.1
5.69825 11241.2
5.69958 11254.4
5.70091 11267.6
5.70224 11280.7
5.70357 11294
5.70489 11307.2
5.70622 11320.4
5.70755 11333.7
5.70888 11347
5.7102 11360.3
5.71153 11373.6
5.71286 11387
5.71419 11400.3
5.71552 11413.7
5.71684 11427.1
5.71817 11440.6
5.7195 11454
5.72083 11467.4
5.72215 11480.9
5.72348 11494.4
5.72481 11507.9
5.72614 11521.4
5.72746 11535
5.72879 11548.5
5.73012 11562.1
5.73145 11575.7
5.73278 11589.3
5.7341 11602.9
5.73543 11616.5
5.73676 11630.2
5.73809 11643.8
5.73941 11657.5
5.74074 11671.2
5.74207 11684.9
5.7434 11698.6
5.74473 11712.3
5.74605 11726.1
5.74738 11739.8
5.74871 11753.6
5.75004 11767.3
5.75136 11781.1
5.75269 11794.9
5.75402 11808.7
5.75535 11822.5
5.75668 11836.3
5.758 11850.2
5.75933 11864
5.76066 11877.9
5.76199 11891.7
5.76331 11905.6
5.76464 11919.5
5.76597 11933.4
5.7673 11947.2
5.76863 11961.1
5.76995 11975.1
5.77128 11989
5.77261 12002.9
5.77394 12016.5
5.77526 12030.4
5.77659 12044.3
5.77792 12058.3
5.77925 12072.2
5.78058 12086.1
5.7819 12100
5.78323 12113.9
5.78456 12127.8
5.78589 12141.7
5.78721 12155.7
5.78854 12169.6
5.78987 12183.5
5.7912 12197.4
5.79253 12211.3
5.79385 12225.2
5.79518 12239.1
5.79651 12253
5.79784 12266.9
5.79916 12280.8
5.80049 12294.7
5.80182 12308.5
5.80315 12322.4
5.80447 12336.3
5.8058 12350.1
5.80713 12364
5.80846 12377.8
5.80979 12391.6
5.81111 12405.4
5.81244 12419.2
5.81377 12433
5.8151 12446.8
5.81642 12460.6
5.81775 12474.4
5.81908 12487.3
5.82041 12500.9
5.82174 12514.5
5.82306 12528.1
5.82439 12541.6
5.82572 12555.1
5.82705 12568.6
5.82837 12582.1
5.8297 12595.6
5.83103 12609
5.83236 12622.3
5.83369 12635.7
5.83501 12649
5.83634 12662.2
5.83767 12675.5
5.839 12688.7
5.84032 12701.8
5.84165 12714.9
5.84298 12728
5.84431 12741
5.84564 12754
5.84696 12766.9
5.84829 12779.8
5.84962 12792.7
5.85095 12805.5
5.85227 12818.2
5.8536 12830.9
5.85493 12843.5
5.85626 12856.1
5.85759 12868.6
5.85891 12881.1
5.86024 12893.5
5.86157 12905.9
5.8629 12918.2
5.86422 12928.2
5.86555 12940.1
5.86688 12951.9
5.86821 12963.6
5.86954 12975.2
5.87086 12986.7
5.87219 12998.1
5.87352 13009.5
5.87485 13020.7
5.87617 13031.8
5.8775 13042.8
5.87883 13053.7
5.88016 13064.4
5.88148 13075.1
5.88281 13085.6
5.88414 13096
5.88547 13106.2
5.8868 13116.4
5.88812 13126.4
5.88945 13136.2
5.89078 13146
5.89211 13155.6
5.89343 13165
5.89476 13174.3
5.89609 13183.4
5.89742 13192.4
5.89875 13201.3
5.90007 13209.9
5.9014 13218.4
5.90273 13226.8
5.90406 13235
5.90538 13243
5.90671 13250.8
5.90804 13258.5
5.90937 13261.4
5.9107 13268.2
5.91202 13274.6
5.91335 13280.9
5.91468 13286.9
5.91601 13292.6
5.91733 13298.1
5.91866 13303.3
5.91999 13308.2
5.92132 13312.8
5.92265 13317.2
5.92397 13321.2
5.9253 13325
5.92663 13328.5
5.92796 13331.6
5.92928 13334.4
5.93061 13336.9
5.93194 13339.1
5.93327 13340.9
5.9346 13342.4
5.93592 13343.6
5.93725 13344.4
5.93858 13344.8
5.93991 13344.8
5.94123 13344.5
5.94256 13343.8
5.94389 13342.8
5.94522 13341.3
5.94655 13339.4
5.94787 13337.2
5.9492 13334.5
5.95053 13331.4
5.95186 13327.9
5.95318 13323.9
5.95451 13319.6
5.95584 13305.2
5.95717 13298.7
5.95849 13291.7
5.95982 13284.2
5.96115 13276
5.96248 13267.3
5.96381 13257.9
5.96513 13247.9
5.96646 13237.3
5.96779 13226
5.96912 13214.1
5.97044 13201.5
5.97177 13188.3
5.9731 13174.3
5.97443 13159.6
5.97576 13144.2
5.97708 13128.1
5.97841 13111.3
5.97974 13093.6
5.98107 13075.2
5.98239 13056.1
5.98372 13036.1
5.98505 13015.4
5.98638 12993.8
5.98771 12971.4
5.98903 12948.1
5.99036 12924
5.99169 12899
5.99302 12873.2
5.99434 12846.4
5.99567 12818.8
5.997 12790.3
