5.1 6966.34
5.10201 6974.62
5.10401 6983.04
5.10602 6991.58
5.10803 7000.23
5.11003 7008.99
5.11204 7058.68
5.11405 7070.58
5.11605 7082.71
5.11806 7095.05
5.12007 7107.6
5.12207 7120.36
5.12408 7133.31
5.12609 7146.45
5.12809 7159.78
5.1301 7173.28
5.13211 7186.95
5.13411 7200.79
5.13612 7214.78
5.13813 7228.92
5.14013 7243.2
5.14214 7257.62
5.14415 7272.17
5.14615 7286.84
5.14816 7301.62
5.15017 7316.52
5.15217 7331.52
5.15418 7346.61
5.15619 7361.79
5.15819 7377.05
5.1602 7392.39
5.16221 7407.8
5.16421 7423.27
5.16622 7438.79
5.16823 7454.36
5.17023 7469.97
5.17224 7485.62
5.17425 7501.29
5.17625 7516.99
5.17826 7532.7
5.18027 7548.42
5.18227 7564.13
5.18428 7579.85
5.18629 7595.55
5.18829 7611.23
5.1903 7626.88
5.19231 7642.5
5.19431 7658.08
5.19632 7673.61
5.19833 7689.09
5.20033 7704.51
5.20234 7719.87
5.20435 7735.15
5.20635 7750.35
5.20836 7765.46
5.21037 7780.48
5.21237 7795.4
5.21438 7810.21
5.21639 7824.9
5.21839 7839.48
5.2204 7853.92
5.22241 7900.63
5.22441 7917.17
5.22642 7933.69
5.22843 7950.19
5.23043 7966.65
5.23244 7983.09
5.23445 7999.5
5.23645 8015.87
5.23846 8032.2
5.24047 8048.5
5.24247 8064.75
5.24448 8080.96
5.24649 8097.11
5.24849 8113.22
5.2505 8129.28
5.25251 8145.28
5.25452 8161.23
5.25652 8177.11
5.25853 8192.93
5.26054 8208.69
5.26254 8224.38
5.26455 8240
5.26656 8255.54
5.26856 8271.01
5.27057 8286.4
5.27258 8301.71
5.27458 8316.94
5.27659 8332.08
5.2786 8347.13
5.2806 8362.09
5.28261 8376.96
5.28462 8391.73
5.28662 8406.4
5.28863 8420.97
5.29064 8435.44
5.29264 8449.8
5.29465 8464.06
5.29666 8478.2
5.29866 8492.22
5.30067 8506.13
5.30268 8519.92
5.30468 8533.59
5.30669 8547.14
5.3087 8560.56
5.3107 8573.84
5.31271 8587
5.31472 8600.02
5.31672 8612.91
5.31873 8625.65
5.32074 8638.25
5.32274 8650.71
5.32475 8663.02
5.32676 8675.18
5.32876 8687.19
5.33077 8699.04
5.33278 8710.73
5.33478 8746.94
5.33679 8760.08
5.3388 8773.14
5.3408 8786.13
5.34281 8799.05
5.34482 8811.9
5.34682 8824.67
5.34883 8837.37
5.35084 8850
5.35284 8862.56
5.35485 8875.05
5.35686 8887.47
5.35886 8899.81
5.36087 8912.09
5.36288 8924.3
5.36488 8936.44
5.36689 8948.5
5.3689 8960.5
5.3709 8972.44
5.37291 8984.3
5.37492 8996.1
5.37692 9007.83
5.37893 9019.49
5.38094 9031.08
5.38294 9042.61
5.38495 9054.07
5.38696 9065.47
5.38896 9076.8
5.39097 9088.07
5.39298 9099.27
5.39498 9110.41
5.39699 9121.49
5.399 9132.5
5.401 9143.44
5.40301 9154.33
5.40502 9165.15
5.40702 9175.91
5.40903 9186.61
5.41104 9197.24
5.41304 9207.82
5.41505 9218.33
5.41706 9228.79
5.41906 9239.18
5.42107 9249.51
5.42308 9259.79
5.42508 9270
5.42709 9280.16
5.4291 9290.25
5.4311 9300.29
5.43311 9310.27
5.43512 9320.2
5.43712 9330.06
5.43913 9339.87
5.44114 9349.62
5.44314 9359.32
5.44515 9382.62
5.44716 9393.17
5.44916 9403.71
5.45117 9414.25
5.45318 9424.78
5.45518 9435.31
5.45719 9445.84
5.4592 9456.38
5.4612 9466.91
5.46321 9477.46
5.46522 9488.01
5.46722 9498.56
5.46923 9509.13
5.47124 9519.71
5.47324 9530.31
5.47525 9540.92
5.47726 9551.55
5.47926 9562.2
5.48127 9572.87
5.48328 9583.56
5.48528 9594.28
5.48729 9605.02
5.4893 9615.79
5.4913 9626.59
5.49331 9637.43
5.49532 9648.29
5.49732 9659.19
5.49933 9670.13
5.50134 9681.11
5.50334 9692.12
5.50535 9703.18
5.50736 9714.29
5.50936 9725.44
5.51137 9736.63
5.51338 9747.88
5.51538 9759.17
5.51739 9770.52
5.5194 9781.92
5.5214 9793.38
5.52341 9804.9
5.52542 9816.48
5.52742 9828.11
5.52943 9839.81
5.53144 9851.58
5.53344 9863.41
5.53545 9875.31
5.53746 9887.28
5.53946 9899.33
5.54147 9911.44
5.54348 9923.63
5.54548 9935.9
5.54749 9948.25
5.5495 9960.68
5.55151 9973.19
5.55351 9985.78
5.55552 9998.46
5.55753 10013.2
5.55953 10026.1
5.56154 10039.2
5.56355 10052.3
5.56555 10065.6
5.56756 10078.9
5.56957 10092.3
5.57157 10105.8
5.57358 10119.4
5.57559 10133.2
5.57759 10147
5.5796 10160.9
5.58161 10175
5.58361 10189.1
5.58562 10203.4
5.58763 10217.7
5.58963 10232.2
5.59164 10246.8
5.59365 10261.5
5.59565 10276.3
5.59766 10291.3
5.59967 10306.3
5.60167 10321.5
5.60368 10336.8
5.60569 10352.2
5.60769 10367.8
5.6097 10383.5
5.61171 10399.3
5.61371 10415.2
5.61572 10431.3
5.61773 10447.5
5.61973 10463.9
5.62174 10480.3
5.62375 10497
5.62575 10513.7
5.62776 10530.6
5.62977 10547.6
5.63177 10564.8
5.63378 10582.1
5.63579 10599.6
5.63779 10617.2
5.6398 10635
5.64181 10652.9
5.64381 10671
5.64582 10689.2
5.64783 10707.6
5.64983 10726.2
5.65184 10744.8
5.65385 10763.7
5.65585 10782.7
5.65786 10801.9
5.65987 10821.3
5.66187 10840.8
5.66388 10860.4
5.66589 10880.3
5.66789 10888.9
5.6699 10908.2
5.67191 10927.7
5.67391 10947.2
5.67592 10966.9
5.67793 10986.6
5.67993 11006.5
5.68194 11026.5
5.68395 11046.7
5.68595 11066.9
5.68796 11087.3
5.68997 11107.8
5.69197 11128.3
5.69398 11149
5.69599 11169.9
5.69799 11190.8
5.7 11211.8
